0.000000000000000000e+00
0.000000000000000000e+00
0.000000000000000000e+00
6.250000000000000347e-03
6.250000000000000347e-03
1.250000000000000069e-02
1.250000000000000069e-02
2.500000000000000139e-02
2.500000000000000139e-02
3.749999999999999861e-02
3.749999999999999861e-02
4.374999999999999722e-02
4.374999999999999722e-02
5.000000000000000278e-02
5.000000000000000278e-02
6.250000000000000000e-02
6.250000000000000000e-02
8.125000000000000278e-02
8.125000000000000278e-02
8.749999999999999445e-02
8.749999999999999445e-02
1.000000000000000056e-01
1.000000000000000056e-01
1.062499999999999972e-01
1.062499999999999972e-01
1.187499999999999944e-01
1.187499999999999944e-01
1.375000000000000111e-01
1.375000000000000111e-01
1.437499999999999889e-01
1.437499999999999889e-01
1.499999999999999944e-01
1.499999999999999944e-01
1.562500000000000000e-01
1.562500000000000000e-01
1.625000000000000056e-01
1.625000000000000056e-01
1.687500000000000111e-01
1.687500000000000111e-01
1.749999999999999889e-01
1.749999999999999889e-01
1.812499999999999944e-01
1.812499999999999944e-01
2.000000000000000111e-01
2.000000000000000111e-01
2.312500000000000111e-01
2.312500000000000111e-01
2.625000000000000111e-01
2.625000000000000111e-01
2.687499999999999889e-01
2.687499999999999889e-01
3.624999999999999889e-01
3.624999999999999889e-01
3.875000000000000111e-01
3.875000000000000111e-01
5.124999999999999556e-01
5.124999999999999556e-01
6.125000000000000444e-01
6.125000000000000444e-01
6.187500000000000222e-01
6.187500000000000222e-01
6.312499999999999778e-01
6.437500000000000444e-01
6.624999999999999778e-01
6.624999999999999778e-01
7.249999999999999778e-01
7.249999999999999778e-01
7.375000000000000444e-01
7.375000000000000444e-01
7.687500000000000444e-01
7.687500000000000444e-01
8.000000000000000444e-01
8.000000000000000444e-01
9.937500000000000222e-01
9.937500000000000222e-01
1.000000000000000000e+00
