0.000000000000000000e+00
9.900990099009901110e-03
5.940594059405940319e-02
5.940594059405940319e-02
1.287128712871287162e-01
1.287128712871287162e-01
2.376237623762376128e-01
2.376237623762376128e-01
2.475247524752475226e-01
2.475247524752475226e-01
2.673267326732673421e-01
2.673267326732673421e-01
2.772277227722772519e-01
2.772277227722772519e-01
2.871287128712871062e-01
2.871287128712871062e-01
3.564356435643564192e-01
3.564356435643564192e-01
4.455445544554455517e-01
4.455445544554455517e-01
4.851485148514851353e-01
4.851485148514851353e-01
5.445544554455445940e-01
5.445544554455445940e-01
6.534653465346534906e-01
6.534653465346534906e-01
6.633663366336634004e-01
6.633663366336634004e-01
6.732673267326733102e-01
6.732673267326733102e-01
6.831683168316832200e-01
6.831683168316832200e-01
6.930693069306930187e-01
6.930693069306930187e-01
7.029702970297029285e-01
7.029702970297029285e-01
7.425742574257425677e-01
7.425742574257425677e-01
7.821782178217822068e-01
7.821782178217822068e-01
7.920792079207921166e-01
7.920792079207921166e-01
8.316831683168316447e-01
8.316831683168316447e-01
8.613861386138613740e-01
8.613861386138613740e-01
8.712871287128712838e-01
8.712871287128712838e-01
8.811881188118811936e-01
8.811881188118811936e-01
8.910891089108911034e-01
8.910891089108911034e-01
9.009900990099010132e-01
9.009900990099010132e-01
9.108910891089109230e-01
9.108910891089109230e-01
9.207920792079208328e-01
9.207920792079208328e-01
9.306930693069307425e-01
9.306930693069307425e-01
9.405940594059405413e-01
9.405940594059405413e-01
9.405940594059405413e-01
9.405940594059405413e-01
9.504950495049504511e-01
9.504950495049504511e-01
9.603960396039603609e-01
9.603960396039603609e-01
9.702970297029702706e-01
9.702970297029702706e-01
9.801980198019801804e-01
9.801980198019801804e-01
9.900990099009900902e-01
9.900990099009900902e-01
1.000000000000000000e+00
1.000000000000000000e+00
