0.000000000000000000e+00
0.000000000000000000e+00
0.000000000000000000e+00
4.464285714285714038e-03
4.464285714285714038e-03
1.339285714285714211e-02
1.339285714285714211e-02
1.785714285714285615e-02
1.785714285714285615e-02
2.232142857142857192e-02
2.232142857142857192e-02
2.678571428571428423e-02
2.678571428571428423e-02
3.571428571428571230e-02
3.571428571428571230e-02
4.017857142857143155e-02
4.017857142857143155e-02
4.464285714285714385e-02
4.464285714285714385e-02
4.910714285714285615e-02
4.910714285714285615e-02
5.357142857142856845e-02
5.357142857142856845e-02
6.250000000000000000e-02
6.250000000000000000e-02
8.482142857142857539e-02
8.482142857142857539e-02
8.928571428571428770e-02
8.928571428571428770e-02
1.026785714285714246e-01
1.026785714285714246e-01
1.071428571428571369e-01
1.071428571428571369e-01
1.160714285714285754e-01
1.160714285714285754e-01
1.250000000000000000e-01
1.250000000000000000e-01
1.294642857142857262e-01
1.294642857142857262e-01
1.383928571428571508e-01
1.383928571428571508e-01
1.428571428571428492e-01
1.428571428571428492e-01
1.517857142857142738e-01
1.517857142857142738e-01
1.562500000000000000e-01
1.562500000000000000e-01
1.607142857142857262e-01
1.607142857142857262e-01
1.696428571428571508e-01
1.696428571428571508e-01
1.785714285714285754e-01
1.785714285714285754e-01
1.830357142857142738e-01
1.830357142857142738e-01
2.008928571428571508e-01
2.098214285714285754e-01
2.098214285714285754e-01
2.142857142857142738e-01
2.142857142857142738e-01
2.187500000000000000e-01
2.187500000000000000e-01
2.276785714285714246e-01
2.276785714285714246e-01
2.321428571428571508e-01
2.321428571428571508e-01
2.410714285714285754e-01
2.410714285714285754e-01
2.500000000000000000e-01
2.500000000000000000e-01
2.544642857142856984e-01
2.544642857142856984e-01
2.589285714285714524e-01
2.589285714285714524e-01
2.678571428571428492e-01
2.678571428571428492e-01
2.812500000000000000e-01
2.812500000000000000e-01
2.857142857142856984e-01
2.857142857142856984e-01
2.901785714285714524e-01
2.901785714285714524e-01
2.991071428571428492e-01
2.991071428571428492e-01
3.258928571428571508e-01
3.258928571428571508e-01
3.348214285714285476e-01
3.348214285714285476e-01
3.437500000000000000e-01
3.437500000000000000e-01
3.482142857142856984e-01
3.482142857142856984e-01
3.705357142857143016e-01
3.705357142857143016e-01
3.750000000000000000e-01
3.750000000000000000e-01
3.883928571428571508e-01
3.883928571428571508e-01
4.464285714285714524e-01
4.464285714285714524e-01
4.508928571428571508e-01
4.508928571428571508e-01
4.553571428571428492e-01
4.553571428571428492e-01
4.866071428571428492e-01
4.866071428571428492e-01
5.267857142857143016e-01
5.267857142857143016e-01
5.625000000000000000e-01
5.625000000000000000e-01
5.669642857142856984e-01
5.669642857142856984e-01
5.758928571428570953e-01
5.758928571428570953e-01
5.937500000000000000e-01
5.937500000000000000e-01
6.071428571428570953e-01
6.071428571428570953e-01
6.250000000000000000e-01
6.250000000000000000e-01
6.339285714285713969e-01
6.339285714285713969e-01
6.607142857142856984e-01
6.607142857142856984e-01
7.366071428571429047e-01
7.366071428571429047e-01
7.500000000000000000e-01
7.500000000000000000e-01
7.633928571428570953e-01
7.633928571428570953e-01
8.258928571428570953e-01
8.258928571428570953e-01
8.526785714285713969e-01
8.526785714285713969e-01
8.705357142857143016e-01
8.705357142857143016e-01
8.839285714285713969e-01
8.839285714285713969e-01
9.107142857142856984e-01
9.107142857142856984e-01
1.000000000000000000e+00
