0.000000000000000000e+00
5.555555555555555768e-03
1.111111111111111049e-01
1.111111111111111049e-01
2.333333333333333370e-01
2.333333333333333370e-01
2.888888888888888618e-01
2.888888888888888618e-01
3.388888888888889062e-01
3.388888888888889062e-01
3.777777777777777679e-01
3.777777777777777679e-01
3.833333333333333592e-01
3.833333333333333592e-01
3.888888888888888951e-01
3.888888888888888951e-01
3.944444444444444309e-01
3.944444444444444309e-01
4.000000000000000222e-01
4.000000000000000222e-01
4.166666666666666852e-01
4.166666666666666852e-01
4.222222222222222210e-01
4.222222222222222210e-01
4.388888888888888840e-01
4.388888888888888840e-01
4.666666666666666741e-01
4.666666666666666741e-01
4.888888888888888729e-01
4.888888888888888729e-01
4.944444444444444642e-01
4.944444444444444642e-01
5.111111111111110716e-01
5.111111111111110716e-01
5.166666666666667185e-01
5.166666666666667185e-01
5.444444444444443976e-01
5.444444444444443976e-01
5.611111111111111160e-01
5.611111111111111160e-01
5.777777777777777235e-01
5.777777777777777235e-01
5.944444444444444420e-01
5.944444444444444420e-01
5.999999999999999778e-01
5.999999999999999778e-01
6.222222222222222321e-01
6.222222222222222321e-01
6.277777777777777679e-01
6.277777777777777679e-01
6.388888888888888395e-01
6.388888888888888395e-01
6.500000000000000222e-01
6.500000000000000222e-01
6.555555555555555580e-01
6.555555555555555580e-01
6.555555555555555580e-01
6.833333333333333481e-01
6.833333333333333481e-01
6.888888888888888840e-01
6.888888888888888840e-01
6.944444444444444198e-01
6.944444444444444198e-01
6.999999999999999556e-01
6.999999999999999556e-01
7.111111111111111382e-01
7.111111111111111382e-01
7.166666666666666741e-01
7.166666666666666741e-01
7.277777777777777457e-01
7.277777777777777457e-01
7.444444444444444642e-01
7.444444444444444642e-01
7.500000000000000000e-01
7.500000000000000000e-01
7.611111111111110716e-01
7.611111111111110716e-01
7.666666666666667185e-01
7.666666666666667185e-01
7.833333333333333259e-01
7.833333333333333259e-01
8.000000000000000444e-01
8.000000000000000444e-01
8.055555555555555802e-01
8.055555555555555802e-01
8.111111111111111160e-01
8.111111111111111160e-01
8.166666666666666519e-01
8.166666666666666519e-01
8.222222222222221877e-01
8.222222222222221877e-01
8.388888888888889062e-01
8.388888888888889062e-01
8.444444444444444420e-01
8.444444444444444420e-01
8.499999999999999778e-01
8.499999999999999778e-01
8.611111111111111605e-01
8.611111111111111605e-01
8.666666666666666963e-01
8.666666666666666963e-01
8.722222222222222321e-01
8.722222222222222321e-01
8.777777777777777679e-01
8.777777777777777679e-01
8.833333333333333037e-01
8.833333333333333037e-01
8.888888888888888395e-01
8.888888888888888395e-01
9.000000000000000222e-01
9.000000000000000222e-01
9.055555555555555580e-01
9.055555555555555580e-01
9.111111111111110938e-01
9.111111111111110938e-01
9.166666666666666297e-01
9.166666666666666297e-01
9.277777777777778123e-01
9.277777777777778123e-01
9.333333333333333481e-01
9.333333333333333481e-01
9.388888888888888840e-01
9.388888888888888840e-01
9.444444444444444198e-01
9.444444444444444198e-01
9.499999999999999556e-01
9.499999999999999556e-01
9.555555555555556024e-01
9.555555555555556024e-01
9.611111111111111382e-01
9.611111111111111382e-01
9.777777777777777457e-01
9.777777777777777457e-01
9.833333333333332815e-01
9.833333333333332815e-01
9.888888888888889284e-01
9.888888888888889284e-01
9.944444444444444642e-01
9.944444444444444642e-01
1.000000000000000000e+00
1.000000000000000000e+00
