0.000000000000000000e+00
8.910891089108910479e-02
9.900990099009901457e-02
1.188118811881188064e-01
1.287128712871287162e-01
1.287128712871287162e-01
2.277227722772277307e-01
2.277227722772277307e-01
2.970297029702970160e-01
2.970297029702970160e-01
3.960396039603960583e-01
3.960396039603960583e-01
4.158415841584158223e-01
4.158415841584158223e-01
4.356435643564356419e-01
4.356435643564356419e-01
4.752475247524752255e-01
4.752475247524752255e-01
5.049504950495049549e-01
5.049504950495049549e-01
5.742574257425742124e-01
5.742574257425742124e-01
6.138613861386138515e-01
6.138613861386138515e-01
6.237623762376237613e-01
6.237623762376237613e-01
6.732673267326733102e-01
6.732673267326733102e-01
6.831683168316832200e-01
6.831683168316832200e-01
6.930693069306930187e-01
6.930693069306930187e-01
7.326732673267326579e-01
7.326732673267326579e-01
7.623762376237623872e-01
7.623762376237623872e-01
7.821782178217822068e-01
7.821782178217822068e-01
7.920792079207921166e-01
7.920792079207921166e-01
8.019801980198020264e-01
8.019801980198020264e-01
8.118811881188119361e-01
8.118811881188119361e-01
8.217821782178217349e-01
8.217821782178217349e-01
8.415841584158415545e-01
8.415841584158415545e-01
8.514851485148514643e-01
8.514851485148514643e-01
8.910891089108911034e-01
8.910891089108911034e-01
9.009900990099010132e-01
9.009900990099010132e-01
9.108910891089109230e-01
9.108910891089109230e-01
9.207920792079208328e-01
9.207920792079208328e-01
9.207920792079208328e-01
9.306930693069307425e-01
9.306930693069307425e-01
9.405940594059405413e-01
9.405940594059405413e-01
9.504950495049504511e-01
9.504950495049504511e-01
9.603960396039603609e-01
9.603960396039603609e-01
9.702970297029702706e-01
9.702970297029702706e-01
9.801980198019801804e-01
9.801980198019801804e-01
9.900990099009900902e-01
9.900990099009900902e-01
1.000000000000000000e+00
1.000000000000000000e+00
