0.000000000000000000e+00
9.900990099009901110e-03
3.960396039603960444e-02
1.287128712871287162e-01
1.287128712871287162e-01
1.881188118811881194e-01
1.881188118811881194e-01
2.178217821782178210e-01
2.178217821782178210e-01
2.574257425742574323e-01
2.574257425742574323e-01
2.970297029702970160e-01
2.970297029702970160e-01
3.762376237623762387e-01
3.762376237623762387e-01
4.158415841584158223e-01
4.158415841584158223e-01
5.247524752475247745e-01
5.247524752475247745e-01
5.346534653465346842e-01
5.346534653465346842e-01
6.039603960396039417e-01
6.039603960396039417e-01
7.128712871287128383e-01
7.128712871287128383e-01
7.227722772277227481e-01
7.227722772277227481e-01
7.326732673267326579e-01
7.326732673267326579e-01
7.524752475247524774e-01
7.524752475247524774e-01
7.623762376237623872e-01
7.623762376237623872e-01
7.722772277227722970e-01
7.722772277227722970e-01
7.821782178217822068e-01
7.821782178217822068e-01
7.920792079207921166e-01
7.920792079207921166e-01
8.217821782178217349e-01
8.217821782178217349e-01
8.415841584158415545e-01
8.415841584158415545e-01
8.613861386138613740e-01
8.613861386138613740e-01
8.712871287128712838e-01
8.712871287128712838e-01
8.712871287128712838e-01
8.712871287128712838e-01
8.811881188118811936e-01
8.811881188118811936e-01
9.009900990099010132e-01
9.009900990099010132e-01
9.108910891089109230e-01
9.108910891089109230e-01
9.207920792079208328e-01
9.207920792079208328e-01
9.306930693069307425e-01
9.306930693069307425e-01
9.405940594059405413e-01
9.405940594059405413e-01
9.504950495049504511e-01
9.504950495049504511e-01
9.603960396039603609e-01
9.603960396039603609e-01
9.702970297029702706e-01
9.702970297029702706e-01
9.801980198019801804e-01
9.801980198019801804e-01
9.900990099009900902e-01
9.900990099009900902e-01
1.000000000000000000e+00
1.000000000000000000e+00
