0.000000000000000000e+00
9.900990099009901110e-03
1.980198019801980291e-01
1.980198019801980291e-01
2.376237623762376128e-01
2.376237623762376128e-01
2.772277227722772519e-01
2.772277227722772519e-01
3.366336633663366551e-01
3.366336633663366551e-01
4.059405940594059681e-01
4.059405940594059681e-01
4.257425742574257321e-01
4.257425742574257321e-01
4.455445544554455517e-01
4.455445544554455517e-01
5.346534653465346842e-01
5.346534653465346842e-01
6.534653465346534906e-01
6.534653465346534906e-01
6.633663366336634004e-01
6.633663366336634004e-01
7.524752475247524774e-01
7.524752475247524774e-01
7.821782178217822068e-01
7.821782178217822068e-01
8.019801980198020264e-01
8.019801980198020264e-01
8.316831683168316447e-01
8.316831683168316447e-01
8.415841584158415545e-01
8.415841584158415545e-01
8.514851485148514643e-01
8.514851485148514643e-01
8.613861386138613740e-01
8.613861386138613740e-01
8.712871287128712838e-01
8.712871287128712838e-01
8.811881188118811936e-01
8.811881188118811936e-01
8.910891089108911034e-01
8.910891089108911034e-01
9.009900990099010132e-01
9.009900990099010132e-01
9.009900990099010132e-01
9.009900990099010132e-01
9.108910891089109230e-01
9.108910891089109230e-01
9.207920792079208328e-01
9.207920792079208328e-01
9.306930693069307425e-01
9.306930693069307425e-01
9.405940594059405413e-01
9.405940594059405413e-01
9.603960396039603609e-01
9.603960396039603609e-01
9.702970297029702706e-01
9.702970297029702706e-01
9.801980198019801804e-01
9.801980198019801804e-01
9.900990099009900902e-01
9.900990099009900902e-01
1.000000000000000000e+00
1.000000000000000000e+00
