0.000000000000000000e+00
0.000000000000000000e+00
0.000000000000000000e+00
6.250000000000000347e-03
6.250000000000000347e-03
1.250000000000000069e-02
1.250000000000000069e-02
1.874999999999999931e-02
1.874999999999999931e-02
2.500000000000000139e-02
2.500000000000000139e-02
3.125000000000000000e-02
3.125000000000000000e-02
4.374999999999999722e-02
4.374999999999999722e-02
5.000000000000000278e-02
5.000000000000000278e-02
5.625000000000000139e-02
5.625000000000000139e-02
7.499999999999999722e-02
7.499999999999999722e-02
8.125000000000000278e-02
8.125000000000000278e-02
8.749999999999999445e-02
8.749999999999999445e-02
9.375000000000000000e-02
9.375000000000000000e-02
1.000000000000000056e-01
1.000000000000000056e-01
1.187499999999999944e-01
1.187499999999999944e-01
1.250000000000000000e-01
1.250000000000000000e-01
1.437499999999999889e-01
1.437499999999999889e-01
1.687500000000000111e-01
1.687500000000000111e-01
1.749999999999999889e-01
1.749999999999999889e-01
1.812499999999999944e-01
1.812499999999999944e-01
1.937500000000000056e-01
1.937500000000000056e-01
2.062499999999999889e-01
2.062499999999999889e-01
2.124999999999999944e-01
2.124999999999999944e-01
2.312500000000000111e-01
2.312500000000000111e-01
2.374999999999999889e-01
2.374999999999999889e-01
2.437499999999999944e-01
2.437499999999999944e-01
2.937500000000000111e-01
2.937500000000000111e-01
3.062500000000000222e-01
3.062500000000000222e-01
3.812499999999999778e-01
3.812499999999999778e-01
5.000000000000000000e-01
5.124999999999999556e-01
5.687499999999999778e-01
5.687499999999999778e-01
5.749999999999999556e-01
5.749999999999999556e-01
6.062499999999999556e-01
6.062499999999999556e-01
6.500000000000000222e-01
6.500000000000000222e-01
6.937499999999999778e-01
6.937499999999999778e-01
7.249999999999999778e-01
7.249999999999999778e-01
7.312499999999999556e-01
7.312499999999999556e-01
9.937500000000000222e-01
9.937500000000000222e-01
1.000000000000000000e+00
