0.000000000000000000e+00
9.900990099009901110e-03
3.267326732673267453e-01
3.267326732673267453e-01
3.465346534653465094e-01
3.465346534653465094e-01
3.861386138613861485e-01
3.861386138613861485e-01
4.059405940594059681e-01
4.059405940594059681e-01
4.158415841584158223e-01
4.158415841584158223e-01
4.752475247524752255e-01
4.752475247524752255e-01
4.851485148514851353e-01
4.851485148514851353e-01
5.247524752475247745e-01
5.247524752475247745e-01
6.138613861386138515e-01
6.138613861386138515e-01
6.930693069306930187e-01
6.930693069306930187e-01
7.722772277227722970e-01
7.722772277227722970e-01
7.821782178217822068e-01
7.821782178217822068e-01
8.019801980198020264e-01
8.019801980198020264e-01
8.118811881188119361e-01
8.118811881188119361e-01
8.217821782178217349e-01
8.217821782178217349e-01
8.316831683168316447e-01
8.316831683168316447e-01
8.415841584158415545e-01
8.415841584158415545e-01
8.712871287128712838e-01
8.712871287128712838e-01
8.811881188118811936e-01
8.811881188118811936e-01
8.910891089108911034e-01
8.910891089108911034e-01
9.009900990099010132e-01
9.009900990099010132e-01
9.108910891089109230e-01
9.108910891089109230e-01
9.207920792079208328e-01
9.207920792079208328e-01
9.306930693069307425e-01
9.306930693069307425e-01
9.306930693069307425e-01
9.306930693069307425e-01
9.405940594059405413e-01
9.405940594059405413e-01
9.504950495049504511e-01
9.504950495049504511e-01
9.603960396039603609e-01
9.603960396039603609e-01
9.702970297029702706e-01
9.702970297029702706e-01
9.801980198019801804e-01
9.801980198019801804e-01
9.900990099009900902e-01
9.900990099009900902e-01
1.000000000000000000e+00
1.000000000000000000e+00
